36  
    1    6   -1
    0    2    7 -1
    1    3    8 -1
    2    4    9 -1
    3    5   10 -1
    4   11 -1
    0    7   12 -1
    1    6    8   13 -1
    2    7    9   14 -1
    3    8   10   15 -1
    4    9   11   16 -1
    5   10   17 -1
    6   13   18 -1
    7   12   14   19 -1
    8   13   15   20 -1
    9   14   16   21 -1
   10   15   17   22 -1
   11   16   23 -1
   12   19   24 -1
   13   18   20   25 -1
   14   19   21   26 -1
   15   20   22   27 -1
   16   21   23   28 -1
   17   22   29 -1
   18   25   30 -1
   19   24   26   31 -1
   20   25   27   32 -1
   21   26   28   33 -1
   22   27   29   34 -1
   23   28   35 -1
   24   31 -1
   25   30   32 -1
   26   31   33 -1
   27   32   34 -1
   28   33   35 -1
   29   34 -1
