80
    1    8 -1
    0    2    9 -1
    1    3   10 -1
    2    4   11 -1
    3    5   12 -1
    4    6   13 -1
    5    7   14 -1
    6   15 -1
    0    9   16 -1
    1    8   10   17 -1
    2    9   11   18 -1
    3   10   12   19 -1
    4   11   13   20 -1
    5   12   14   21 -1
    6   13   15   22 -1
    7   14   23 -1
    8   17   24 -1
    9   16   18   25 -1
   10   17   19   26 -1
   11   18   20   27 -1
   12   19   21   28 -1
   13   20   22   29 -1
   14   21   23   30 -1
   15   22   31 -1
   16   25   32 -1
   17   24   26   33 -1
   18   25   27   34 -1
   19   26   28   35 -1
   20   27   29   36 -1
   21   28   30   37 -1
   22   29   31   38 -1
   23   30   39 -1
   24   33   40 -1
   25   32   34   41 -1
   26   33   35   42 -1
   27   34   36   43 -1
   28   35   37   44 -1
   29   36   38   45 -1
   30   37   39   46 -1
   31   38   47 -1
   32   41   48 -1
   33   40   42   49 -1
   34   41   43   50 -1
   35   42   44   51 -1
   36   43   45   52 -1
   37   44   46   53 -1
   38   45   47   54 -1
   39   46   55 -1
   40   49   56 -1
   41   48   50   57 -1
   42   49   51   58 -1
   43   50   52   59 -1
   44   51   53   60 -1
   45   52   54   61 -1
   46   53   55   62 -1
   47   54   63 -1
   48   57   64 -1
   49   56   58   65 -1
   50   57   59   66 -1
   51   58   60   67 -1
   52   59   61   68 -1
   53   60   62   69 -1
   54   61   63   70 -1
   55   62   71 -1
   56   65   72 -1
   57   64   66   73 -1
   58   65   67   74 -1
   59   66   68   75 -1
   60   67   69   76 -1
   61   68   70   77 -1
   62   69   71   78 -1
   63   70   79 -1
   64   73 -1
   65   72   74 -1
   66   73   75 -1
   67   74   76 -1
   68   75   77 -1
   69   76   78 -1
   70   77   79 -1
   71   78 -1
