120
    1   12 -1
    0    2   13 -1
    1    3   14 -1
    2    4   15 -1
    3    5   16 -1
    4    6   17 -1
    5    7   18 -1
    6    8   19 -1
    7    9   20 -1
    8   10   21 -1
    9   11   22 -1
   10   23 -1
    0   13   24 -1
    1   12   14   25 -1
    2   13   15   26 -1
    3   14   16   27 -1
    4   15   17   28 -1
    5   16   18   29 -1
    6   17   19   30 -1
    7   18   20   31 -1
    8   19   21   32 -1
    9   20   22   33 -1
   10   21   23   34 -1
   11   22   35 -1
   12   25   36 -1
   13   24   26   37 -1
   14   25   27   38 -1
   15   26   28   39 -1
   16   27   29   40 -1
   17   28   30   41 -1
   18   29   31   42 -1
   19   30   32   43 -1
   20   31   33   44 -1
   21   32   34   45 -1
   22   33   35   46 -1
   23   34   47 -1
   24   37   48 -1
   25   36   38   49 -1
   26   37   39   50 -1
   27   38   40   51 -1
   28   39   41   52 -1
   29   40   42   53 -1
   30   41   43   54 -1
   31   42   44   55 -1
   32   43   45   56 -1
   33   44   46   57 -1
   34   45   47   58 -1
   35   46   59 -1
   36   49   60 -1
   37   48   50   61 -1
   38   49   51   62 -1
   39   50   52   63 -1
   40   51   53   64 -1
   41   52   54   65 -1
   42   53   55   66 -1
   43   54   56   67 -1
   44   55   57   68 -1
   45   56   58   69 -1
   46   57   59   70 -1
   47   58   71 -1
   48   61   72 -1
   49   60   62   73 -1
   50   61   63   74 -1
   51   62   64   75 -1
   52   63   65   76 -1
   53   64   66   77 -1
   54   65   67   78 -1
   55   66   68   79 -1
   56   67   69   80 -1
   57   68   70   81 -1
   58   69   71   82 -1
   59   70   83 -1
   60   73   84 -1
   61   72   74   85 -1
   62   73   75   86 -1
   63   74   76   87 -1
   64   75   77   88 -1
   65   76   78   89 -1
   66   77   79   90 -1
   67   78   80   91 -1
   68   79   81   92 -1
   69   80   82   93 -1
   70   81   83   94 -1
   71   82   95 -1
   72   85   96 -1
   73   84   86   97 -1
   74   85   87   98 -1
   75   86   88   99 -1
   76   87   89  100 -1
   77   88   90  101 -1
   78   89   91  102 -1
   79   90   92  103 -1
   80   91   93  104 -1
   81   92   94  105 -1
   82   93   95  106 -1
   83   94  107 -1
   84   97  108 -1
   85   96   98  109 -1
   86   97   99  110 -1
   87   98  100  111 -1
   88   99  101  112 -1
   89  100  102  113 -1
   90  101  103  114 -1
   91  102  104  115 -1
   92  103  105  116 -1
   93  104  106  117 -1
   94  105  107  118 -1
   95  106  119 -1
   96  109 -1
   97  108  110 -1
   98  109  111 -1
   99  110  112 -1
  100  111  113 -1
  101  112  114 -1
  102  113  115 -1
  103  114  116 -1
  104  115  117 -1
  105  116  118 -1
  106  117  119 -1
  107  118 -1
